1r0: 0.09801
lrf: 0.0102
momentum: 0.92438
weight_decay: 0.0006
warmup_epochs: 2.961
warmup_momentum: 0.69069
warmup_bias_lr: 0.11538
box: 0.05667
cls: 0.25397
cls_ pw: 1.26919
obj: 1.17427
obj_pw: 1.0172
iou_t: 0.55
anchor_t: 5.3133
fl_gamma: 0.0
hsv_h: 0.01329
hsv_s: 0.68992
hsv_v: 0.4172
degrees: 0.0735
translate: 0.06238
scale: 0.71963
shear: 0.53749
perspective: 0.0
flipud: 0.36086
fliplr: 0.5
mosaic: 0.70048
mixup: 0.09164
copy_paste: 0.11473
